UnSorted Numbers: 

78 96 27 97 99 60 66 148 91 100
136 28 72 148 111 110 58 71 124 115
124 62 46 90 57 115 26 141 133 8
118 147 66 83 82 55 64 101 15 51
127 43 101 126 50 111 53 92 34 41
11 47 132 13 38 88 2 37 98 70
134 141 81 85 10 100 87 38 36 52
59 101 12 56 71 48 116 117 49 53
142 148 141 130 114 14 135 18 37 87
22 41 48 108 70 31 93 7 122 9
93 81 131 31 38 3 125 6 92 23
131 51 135 56 42 120 19 75 124 27
37 101 82 131 85 4 92 67 15 26
45 144 67 39 130 82 39 108 84 129
128 78 128 113 12 99 124 36 43 1

Sorted Numbers: 

1 2 3 4 6 7 8 9 10 11
12 12 13 14 15 15 18 19 22 23
26 26 27 27 28 31 31 34 36 36
37 37 37 38 38 38 39 39 41 41
42 43 43 45 46 47 48 48 49 50
51 51 52 53 53 55 56 56 57 58
59 60 62 64 66 66 67 67 70 70
71 71 72 75 78 78 81 81 82 82
82 83 84 85 85 87 87 88 90 91
92 92 92 93 93 96 97 98 99 99
100 100 101 101 101 101 108 108 110 111
111 113 114 115 115 116 117 118 120 122
124 124 124 124 125 126 127 128 128 129
130 130 131 131 131 132 133 134 135 135
136 141 141 141 142 144 147 148 148 148
